_ -1	-1	-1	-1	-1	-1	-1	-1	-1	-1	-1
p -1	1	-1	-1	1	1	0	-1	1	0	0
b -1	1	0	-1	1	1	0	-1	1	0	0
t -1	1	-1	-1	1	-1	1	-1	-1	1	0
d -1	1	0	-1	1	-1	1	-1	-1	1	0
k -1	1	-1	-1	1	-1	-1	-1	-1	-1	0
g -1	1	0	-1	1	-1	-1	-1	-1	-1	0
f -0.5	1	-1	-1	0	-1	1	-1	1	0	0
v -0.5	1	0	-1	0	-1	1	-1	1	0	0
T -0.5	1	-1	-1	0	-1	1	-1	-1	0	0
D -0.5	1	0	-1	0	-1	1	-1	-1	0	0
s -0.5	1	-1	-1	0	-1	1	-1	-1	1	0
z -0.5	1	0	-1	0	-1	1	-1	-1	1	0
S -0.5	1	-1	-1	0	-1	0	-1	-1	0	0
Z -0.5	1	0	-1	0	-1	0	-1	-1	0	0
h -0.5	1	0	-1	0	-1	-1	1	-1	-1	-1
C -0.8	1	-1	-1	1	-1	0	-1	-1	0	0
J -0.8	1	0	-1	1	-1	0	-1	-1	0	0
m 0	0	1	1	1	1	0	-1	1	0	0
n 0	0	1	1	1	-1	1	-1	-1	1	0
l 0.5	0	1	0	-1	-1	1	-1	-1	1	0
r 0.5	0	1	0	-1	-1	-1	1	1	-1	-1
w 0.8	0	1	0	0	1	-1	-1	1	-1	0
y 0.8	0	1	0	0	-1	0	-1	-1	0	1
i 1	-1	1	0	0	-1	0	-1	-1	0	1
I 1	-1	1	0	0	-1	0	-1	-1	0	-1
e 1	-1	1	0	-1	-1	0	-1	-1	-1	1
E 1	-1	1	0	-1	-1	0	-1	-1	-1	-1
a 1	-1	1	0	-1	-1	-1	1	-1	-1	-1
@ 1	-1	1	0	-1	-1	0	1	-1	-1	1
u 1	-1	1	0	0	-1	-1	-1	1	0	1
U 1	-1	1	0	0	-1	-1	-1	1	0	-1
o 1	-1	1	0	-1	-1	-1	-1	1	-1	1
^ 1	-1	1	0	-1	-1	-1	-1	-1	-1	-1
c 1	-1	1	0	-1	-1	-1	-1	1	-1	-1